0.09385750825279944
0.09535828744613586
0.1312527301782739
0.14568904773760297
0.15098997279897966
0.17546574401499404
0.1759296574497349
0.1784657830142841
0.18139175202699373
0.19581565422355987
0.1989134028943455
0.2064292661599211
0.21158384587847018
0.21321776666438702
0.225030468058375
0.22802086384889178
0.2305463616554455
0.2512751854297188
0.25694166054463574
0.26516908313065285
0.26736954581027583
0.26981370733457594
0.2740787806893659
0.27829709178316203
0.2800033820337384
0.28271082991108276
0.2905620819660935
0.29088035989894906
0.29322993311253315
0.29357245723319714
0.2984956079714991
0.298944371431144
0.30309686213979664
0.3042828980108909
0.3128948598568937
0.3136570365653139
0.3137745709051693
0.3164754677669663
0.3177080541142721
0.3191983001712193
0.3195721018438031
0.3199200498621496
0.3201351829364416
0.3273156868687559
0.3274788414934789
0.3304827816801458
0.3307351027535647
0.33210201519593663
0.33371949337818296
0.33881249085874704
0.34116126950995346
0.34350836854210454
0.34513547601399813
0.3455060536331428
0.3507359640919228
0.35079821473034417
0.3539698034279779
0.3539805154929085
0.35612778748642604
0.3585363743566052
0.35959718735122714
0.36060360233596656
0.36407755770235317
0.3671451868051801
0.36837336100940016
0.3689762606824561
0.369094858429664
0.3713618743335982
0.3732436599825194
0.3742901164266618
0.379561517699693
0.3874221105385855
0.39039208567905787
0.39863361761119637
0.4025381503425226
0.41001049084329455
0.41183071534050697
0.41491570320115534
0.41564269250001323
0.4279555598813502
0.43133654025135226
0.43351463887414404
0.4414690158453748
0.44495374123838016
0.4457332901615408
0.44782283615821045
0.44782283615821045
0.4663069765058346
0.4839123189127219
0.4842523706386088
0.4903578616172199
0.5118666044437088
0.5241674187605009
0.5274884247379449
0.5340251360280031
0.5383777842951855
0.5478841904946417
0.5548712353020966
0.562024306168424
0.5849956508022996
0.5900755632448013
0.6118493763450865
0.6179764549636552
0.6231549956104494
0.6387718837960998
0.6497233319320395
0.6757386603273915
0.6780865931221466
0.727011117098972
0.7364821496259577
0.736867221912283
0.7741696729903751
0.7771995803246614
0.7779386534195865
0.7813157918695834
0.7830520591152055
0.8055130357222607
0.8168821556372267
0.8273702304301047
0.8375578539162231
0.8515008261867042
0.8586094036324812
0.8741299289923766
0.9002506491173412
0.9578716481742141
0.975560032496612
0.991546909689786
0.9936542449927497
0.9989403196979042
1.0195819799020502
1.0197978552627383
1.026835799545074
1.0496435882254769
1.0638955329021906
1.0697323594542265
1.085353687313326
1.0871771741324687
1.1091421531837735
1.12723364913309
1.129938468802491
1.1566738781632018
1.1756237520949158
1.2570049019855927
1.2578994312437024
1.2635328269948627
1.2801544264463238
1.3045269602298442
1.3479269015473445
1.3530340529701328
1.3623411918466257
1.3953238586056464
1.3958734441860698
1.4172795132993852
1.4214472011113626
1.4936399857623057
1.5404180607433857
1.5437820191581537
1.639850795207387
1.6764244337840883
1.7297489843525837
1.7394232231720685
1.7469316794839378
1.7521031609042022
1.7731805803800944
1.800574821861949
1.8190559701970002
1.8588628204611417
1.8734060284638145
1.9129228992178477
1.9168452040843098
1.9183169529041615
1.9235537292758953
1.9355227011345004
1.951968852270813
1.9885158868497526
2.032020372168046
2.0331920912025385
2.0937829327146087
2.1156464154966086
2.126011550775227
2.147644636806356
2.1973004711169732
2.2305336929205035
2.2421033913346533
2.2457330790878047
2.2467704243353146
2.2604407346741193
2.268237375548454
2.3477880796311577
2.36282768414041
2.3959484798369832
2.4117513361676224
2.4159686220091725
2.495793156667585
2.511165965476838
2.5651425179555694
2.705126443873328
2.721635841587447
2.7654691557070024
2.7798362994385237
2.787284013801443
2.8220189017235615
2.845211114438319
2.8498115426830175
2.8503423021796097
2.866966277173827
2.944052740894104
2.949506654566377
2.97130017393565
2.998839160560934
3.0023426649049543
3.0131965350389387
3.0462146892526034
3.0549314102074026
3.1032447367476803
3.1628061748313905
3.2271485289406394
3.2276592855374284
3.248053670231754
3.259917383251929
3.2680380846889046
3.3019119027084574
3.3183477421346192
3.3337279190932767
3.3425660317807884
3.398366572364755
3.422972821735043
3.5594249474188064
3.573082055279667
3.6136808313965325
3.625548670543929
3.6670570365276283
3.6761242788965416
3.787160259869001
3.842903742192171
3.8456893221169577
3.8570647286042528
3.8815030320658193
3.9065258963869787
3.9077332855689333
3.9209529799922613
3.929702949190559
3.995945865686825
4.0195386677925855
4.046432095735724
4.064648629947577
4.164133014668321
4.171682591563491
4.1995294053752605
4.2016675948468745
4.223088916931963
4.2263321941820955
4.245071093703176
4.253666611585782
4.257684722642015
4.259451241975196
4.263060079182786
4.2685669155037465
4.2884623141735885
4.289691493638342
4.335865808739846
4.338697913170444
4.342984586518265
4.350653769943012
4.3721904582187205
4.376497729755094
4.423535179453357
4.425032757582998
4.4270873655577745
4.4298484833260705
4.436652844508643
4.441060400513503
4.44902420720631
4.469678858909401
4.47907254450108
4.480900297567712
4.492137128803724
4.499969587875603
4.503994691954021
4.506654634569745
4.5069690149485835
4.507010628036887
4.511417755947283
4.511890388681488
4.5141868563607765
4.515291884140139
4.51553184330278
4.519016101656265
4.518933291951516
4.518348801938295
4.516870307883563
4.515603071668184
4.507290539749579
4.50569998456164
4.492350072059886
4.489108823075675
4.485372886831022
4.478474841107299
4.4781704959152835
4.4645981843861176
4.464114394677678
4.46327381441686
4.461258008522403
4.458284412860003
4.455994521715235
4.450654174888254
4.447277997563614
4.446269913311116
4.444693846116725
4.426674251131936
4.405395014008776
4.396967880720257
4.354766389704957
4.34903908877599
4.334398601993239
4.3343196389880285
4.333766457625155
4.300375258271637
4.290542886349382
4.252536200150462
4.228923230892637
4.226882839498507
4.2260064462935585
4.16299096159172
4.136926558777589
4.101163740889499
4.099573762543089
4.065614579844266
4.056425286195424
4.013678903826479
3.950114179775851
3.9145967784376623
3.9006473615527244
3.888980411677986
3.885651838557656
3.847683652038019
3.788365380668553
3.741899564659808
3.712650763751552
3.6517547060732127
3.6498412005515197
3.6436513880756967
3.6296077998533547
3.626643810147961
3.61133919698155
3.609551834708886
3.5414637790285077
3.4091208799645063
3.331757881464904
3.2851538658195434
3.2535323115826427
3.249595806805826
3.2265948083705207
3.18276294251539
3.1821321149445154
3.1676231578384186
3.1008019035699648
3.099385146745751
3.0889986190078647
2.9903998121699282
2.9903998121699282
2.939854543625773
2.9290147734921312
2.8771016428749294
2.8640861565865077
2.801816137478643
2.784816934536163
2.766699631505199
2.751498837308406
2.740809798988364
2.7214518123102165
2.720420770750702
2.7189484546300107
2.663402935768333
2.642704408369165
2.6278625720743065
2.623172419618345
2.609723428389164
2.567235640028147
2.5621236998285193
2.556749805143596
2.5227962747175563
2.500648833750215
2.4958552081656427
2.472361895601592
2.4655653765346974
2.4470344642649917
2.430141221562316
2.4215199367089033
2.3842884434427645
2.382572823266088
2.359181585764034
2.348917225116934
2.337107563251691
2.3340594387611504
2.307163980325523
2.290146597079116
2.266819173774157
2.2475443601247354
2.2231365442824425
2.165436846618195
2.115852311789792
2.102094740476597
2.0942248033192663
2.0783340291769905
2.0723475382039593
2.0565945089570032
2.0377460628825044
2.034426654385101
2.0283194291094286
2.027629085086208
2.0247283684442654
2.0035333141205567
1.9973269856632718
1.994673900444193
1.9893578666661973
1.9854254636339541
1.9832969842266508
1.9809857090605427
1.9797398984310821
1.9779736287886247
1.9740169303524437
1.9724482940392698
1.9638016975953174
1.9620616454245314
1.9609127329259646
1.958348927083061
1.9541236546868055
1.9529216190488055
1.9531398461123806
1.9542417844895388
1.9601136454946402
1.9698247335354793
1.9727184708017802
1.9789480494640739
2.0313413596569654
2.0332703335715308
2.0432064667084635
2.0532278313007457
2.0560746725628856
2.096454660491037
2.1011064688840158
2.1159816751928404
2.1414564440947252
2.142960586327029
2.1863267856288355
2.2211441638923652
2.255487583219182
2.282156884121697
2.310935453075776
2.3310347279213386
2.3549131184102015
2.4072127360432702
2.40877641170051
2.472350232379869
2.5019856915047454
2.529616694257655
2.545731699989839
2.554679153513703
2.569313814665694
2.5815494260801377
2.696147236075848
2.702730883603398
2.759508655984557
2.768019801526544
2.7790852920063305
2.795922741633626
2.8101485594355093
2.9124276923856818
2.9241513233313725
2.9391270633743742
2.969860429638623
2.9714779432705565
3.014892930767668
3.0593813157075687
3.0946952790683824
3.198821625675018
3.2909904993402406
3.364280634502744
3.3784966870625786
3.5456217792891733
3.673311774022042
3.6837932884466604
3.699856204643963
3.739535020323805
3.760545321697797
3.7935865704426233
3.931442531335718
3.945282777537721
4.062638793690673
4.119851032191621
4.124299166427852
4.1740826456662345
4.174723477869197
4.380372134667176
4.657177835337111
4.672894059797882
4.7853533295688475
4.822075405024667
4.844308101359954
4.929826502619547
4.934732298532941
5.012787179729322
5.285184044573519
5.3582432252363
5.517152467978348
5.52587226628975
5.690253231142217
5.906450598670908
6.2263501616015375
6.302825321663592
6.553343593665977
6.560292847833704
6.565412484751687
6.599767449562388
6.850296881601543
6.863313031397654
6.885709896282025
7.020955458341675
7.172110105094439
7.181326942196721
7.193370108425735
7.270672524682043
7.339090702195157
7.348531904753891
7.547592236667458
7.685288758345231
7.718939189513552
7.748766613074369
7.772811360857299
7.7748116046954845
7.8312584637647005
7.851404398226023
7.891192338142871
7.9567630360176995
8.017803554039592
8.0715437353335
8.120048657704436
8.255273528142455
8.283167531551824
8.307858042663373
8.368554370630262
8.379936113676663
8.401716673197676
8.608394060275282
8.633951338511283
8.664864501884018
8.686413714602667
8.709458674416123
8.735859205884088
8.784242884608435
8.982224682574405
9.017961792852354
9.11150159318906
9.224581329354745
9.226755598825472
9.300173491046483
9.344998255320107
9.370009919505428
9.435064043911826
9.45479214740693
9.467142370359337
9.483263309729622
9.488756523362186
9.549136819251217
9.55111873176117
9.581079390774482
9.609611766275304
9.61993203927868
9.649681955818503
9.662074446164587
9.665448291730723
9.683792836813689
9.709217541543353
9.718934359276053
9.737531347470687
9.78192295646909
9.787065838658851
9.788338977039833
9.809801855781476
9.812546478902036
9.821086887743975
9.829347457802047
9.84142822552145
9.845619855316388
9.847222193233353
9.849310945178829
9.870960749064182
9.883621694727402
9.890363105995943
9.900257483661315
9.902006552331036
9.917713750617906
9.934653486760649
9.942635297512993
9.941257088787575
9.936330987014628
9.933016568027021
9.92935908477133
9.928437045544268
9.916168905342309
9.909348811903858
9.906808994832366
9.899876652844215
9.880845524383549
9.867592102098111
9.846121647012083
9.835706637629954
9.804317164300144
9.799647066140501
9.794590102217692
9.794277736965359
9.7898712741707
9.762815609199608
9.759370964134886
9.74312097005779
9.658157392150335
9.613464796637539
9.581004988279055
9.570405229452266
9.542609472916427
9.52912551914788
9.513534258026038
9.503980820055517
9.423308137231864
9.409064385538457
9.298456564796638
9.228809206541781
9.225320144139685
9.195138648862079
9.166899746964129
9.158747581207546
9.114645842823268
8.932855012482872
8.871444410944578
8.819409247250224
8.77551481657319
8.742088632429102
8.723055103728651
8.647157604209166
8.598231053970101
8.592279723152194
8.454491484306553
8.313159895155957
8.278436278882868
8.214140170647553
8.053329294625932
8.027161830052652
7.976437359931054
7.750223769035405
7.734930635836071
7.601517788515767
7.486119448218945
7.444422466960069
7.3747314307715675
7.2655456753653285
7.144448694361499
7.00331119557881
6.902701112114939
6.8702765930083345
6.7647483613791985
6.639634382390337
6.6109980728598865
6.599685267335924
6.441761622784483
6.421648227081381
6.354666556121791
6.266016395961679
6.223544646587591
6.173793471636113
6.121010645029257
6.1101912341537234
6.052360450075967
6.042971861554539
5.962866695183886
5.945928180712398
5.8694422282542185
5.8166480564296705
5.729750395669303
5.5006942221244115
5.4591013602154925
5.406613721659051
5.346728169997255
5.305703492215358
5.257587754561417
5.241951587156252
5.146818783269039
5.131486123945675
5.080185254710385
4.99494101572678
4.981590627515291
4.91663332350091
4.915141306592149
4.910072442119823
4.814088809868362
4.766705356649959
4.760682893251585
4.72561680789587
4.651858596488737
4.623437203324154
4.541130532549224
4.473966595798775
4.459711082460442
4.3428188423164595
4.336206879522714
4.303227981578042
4.288614151642707
4.28408502960255
4.232900629725247
4.214940228581938
4.18587652543803
4.1771232858654885
4.120220990969666
4.0813242557646365
4.010423892037486
3.962032220838347
3.912219009858603
3.8851423782514067
3.883749780430855
3.875098514735749
3.8032307006507153
3.74261247547444
3.740231374289035
3.7305445960148993
3.71292803771093
3.6848566870161954
3.6758447444672067
3.6754839911072086
3.655176051423785
3.644930350464054
3.6081472527525897
3.606447626381295
3.5880377379267605
3.584063384136123
3.5819869905964508
3.551299973248514
3.5432182708852222
3.5417471058376044
3.520946384852561
3.5054903305225515
3.5042251444371773
3.503510041085605
3.5039499763342254
3.506039490285362
3.514047086221399
3.514859788996399
3.5162195069895086
3.518851368520868
3.5196636830089476
3.5312939685199516
3.5594148917583444
3.573139925965123
3.5748389219335235
3.580058545662925
3.5984109692352666
3.6051927470604372
3.6202903661382573
3.6548060450180087
3.6748731007966766
3.6868082003475875
3.709802500300423
3.744815018372312
3.748270938617246
3.8033853462023477
3.835572222528509
3.866448328231623
3.876237092795309
3.9243481868737002
3.975136040423661
4.068461965712321
4.0952404176271555
4.1001530376784014
4.186192529452722
4.193469821751153
4.26301488570119
4.29657099303803
4.303041740801773
4.354601511088975
4.359339882687746
4.401407631326311
4.463211292043511
4.491703539382678
4.502489681030877
4.540981459336689
4.5458793899120895
4.582335946515765
4.623178743759065
4.698148273362053
4.71485831429579
4.734985669611635
4.740622203226499
4.760610627059993
4.792560073940694
4.801707571341252
4.8156548556948815
4.848233385325837
4.895154651201483
4.910605287182046
4.953848883672495
4.9998523552880245
5.009638522436259
5.050537384756366
5.182615427869855
5.2506278169239335
5.296229708999787
5.370964482050345
5.4612265717384885
5.466928013295267
5.7164696132239765
5.7254713205677366
6.180031664456859
6.270159626931047
6.599019381458372
6.612173592836613
6.628277335764376
6.792866704717434
6.79584950724163
6.848693966278481
6.981500928874031
7.091385958352862
7.1246618671923
7.209036490573585
7.410935439980434
7.463993697297473
7.585552276057007
7.607325234488211
7.688843271017095
7.745561112225607
7.78741928124244
7.99112159322671
8.092962265522313
8.432277198482165
8.433384502116533
8.45609384158732
8.469395535658865
8.975407463014603
8.99002087328629
9.05076510825719
9.151579889273881
9.188226122915868
9.203453708539328
9.246896474701332
9.346837186932946
9.572967259966754
9.605207714269367
9.649328226981824
9.66403520221038
9.711549018294598
9.749444273881952
9.928658414590824
9.943913204329961
10.010557930164996
10.094644250742812
10.134117684433079
10.145955551192475
10.25296294344224
10.285027780356254
10.376613989051888
10.603915578699189
10.640180566550617
10.971823856394543
10.993863452860886
11.0351337541702
11.095532314976527
11.133336348621548
11.293116469597823
11.337603946381366
11.414931764408816
11.494609677927503
11.556797863545707
11.61394941091351
11.69053177588505
11.838298856493633
11.861376548000163
11.886506590751809
12.185685518480586
12.592612374022963
12.72462860183281
12.798906593409178
12.834592760754955
13.07864458014283
13.297948049824575
13.308548046118922
13.310312774714827
13.360373466256407
13.363432554208648
13.384362664801817
13.540819216258628
13.543772354194418
13.590357879691364
13.612439269757997
13.648869102409485
13.724087294975229
13.738247525028273
13.813489660003295
13.926801673726183
13.970412758838995
14.075246954616107
14.1228007662702
14.436996584259845
14.45945933968806
14.503081593818408
14.557126363377623
14.667782353947715
14.902805716199747
14.953464639082014
14.959259205304322
15.037228124726068
15.041055090221697
15.051806781289844
15.091267309876674
15.128207060279383
15.162343123407434
15.187827177722914
15.216762313827546
15.251084037348296
15.285027872842665
15.306678045740496
15.346558570221463
15.364733107418258
15.37258393980836
15.374516698174947
15.374612754575821
15.385647694616635
15.388481032159712
15.392539378163944
15.42820873691862
15.430225689900615
15.44143967474417
15.4431569865173
15.452753878499262
15.452709119404732
15.42665207326557
15.363429520385948
15.354845421662182
15.351611775463878
15.346778942333918
15.342971102725594
15.325045407551048
15.273097710435334
15.268350677079475
15.255251981526092
15.170846612827692
15.124806500751966
15.09100081760603
15.086387193786708
14.973538633824656
14.973081329723529
14.943855799185972
14.882221488857494
14.667097743503707
14.50898512870467
14.505852145668435
14.442536255438187
14.431210472176746
14.430237063471969
14.429263240344895
14.368413796213277
14.181277938321342
14.110796828282957
14.103109136935553
14.023701586613473
13.909166658359121
13.87134615143489
13.86938634896383
13.798966285653817
13.797768646794
13.778959339752156
13.75643504096499
13.74512694490659
13.71183522861497
13.689769666252296
13.624983643396519
13.381662384496872
13.374675555403163
13.347956204110174
13.323313160485016
13.299447839605085
13.214689034991762
13.181802171565447
13.107738437380934
12.895595397057463
12.889466999512994
12.744260776987666
12.589084170914045
12.573903658013672
12.55575165937465
12.501574624489319
12.479816263996511
12.464952695973327
12.348245632017369
12.210933925739555
12.096593307541067
11.946460622848123
11.503666049050002
11.395071084295452
11.157811665954668
11.107912738283165
11.013841224754032
10.820487069122073
