0.10560103502240713
0.10689010633100729
0.13744695695727632
0.14962637784507232
0.15409001155225063
0.1746952725273736
0.17508647568930577
0.17722603478717244
0.17969668348318352
0.19192555187129873
0.19456637051269593
0.20100267277659029
0.20544533708686014
0.20685922141209492
0.21717888361688087
0.21982334530368525
0.22206854856926597
0.2410264492137217
0.246423938461657
0.2544857360392822
0.2566944182191817
0.25917705764768145
0.2635899913921527
0.2680670154212251
0.2699131044075571
0.2728877011279475
0.28187099564231327
0.28224770452970477
0.28506232825907935
0.28547776654487755
0.29160500225601665
0.2921789443341856
0.29762491440108696
0.2992280092916843
0.31160167813318157
0.3127656325651762
0.31294621113466925
0.31717831971741717
0.3191639701210559
0.32161199910608995
0.3222343372905517
0.32281666298697087
0.3231781798060654
0.3359115623442246
0.3362162432253677
0.3419475015773348
0.3424392708371073
0.3451305166263308
0.34837262511462536
0.35894529077849074
0.36397345632233824
0.3690651503703315
0.37262187930911184
0.3734340108515734
0.3849125164562329
0.3850487865274001
0.39195745707711616
0.3919806522005023
0.39660619842407463
0.4017292483405453
0.403960645819006
0.4060624311077725
0.4131964359317652
0.4193316067991128
0.42174344226636784
0.4229180280977472
0.42314835776725807
0.4275053878102554
0.43105643601559845
0.43300574154291777
0.4425569725477696
0.45602378739141897
0.4608917074914004
0.473839803942207
0.47971392398752216
0.4905458565398084
0.4931096561059757
0.4973930701080056
0.49839154559248544
0.5147278438498533
0.519041166648411
0.5217844233026382
0.5315833123310596
0.5357751231657634
0.5367049504940651
0.5391835145608982
0.5391835145608982
0.5603181147828533
0.5793345219490534
0.5796927127867166
0.586070583340491
0.6078136424565858
0.6198081925308059
0.6229982175533618
0.6292213086210368
0.6333258648833454
0.6421879061408242
0.6486170842675184
0.6551299934363366
0.6756191564769302
0.680070304934577
0.6988609108711223
0.7040708650000418
0.708449722180032
0.7215271426553097
0.7305912071889036
0.7518093951071286
0.7537044356650138
0.7925514894759618
0.7999467766286479
0.8002466933218096
0.8290429164871825
0.831361249538355
0.8319263169754757
0.8345062125322458
0.8358312485308305
0.8528940019885879
0.8614788771369556
0.8693701372924361
0.8770108749589072
0.8874316131164656
0.8927291715756814
0.9042622877046809
0.923578757423634
0.9658525494549276
0.9787558511381832
0.9903943424907112
0.9919269755385385
0.9957700090784589
1.010758497906781
1.010915110129726
1.016019511755741
1.0325439283147266
1.0428583038721853
1.0470804715677482
1.0583756264348627
1.0596937239920123
1.0755662338153287
1.0886354572893713
1.090589266662128
1.109902187353814
1.1235948491950758
1.182502527888676
1.1831514257913927
1.1872388160163927
1.1993082294892576
1.2170336809026658
1.24869233078478
1.252426739162645
1.2592374476675698
1.2834307194607917
1.2838346452718576
1.29958886492999
1.3026611657167024
1.3561628466125981
1.3911455301935702
1.3936716894674919
1.4664631965945765
1.4945311184767436
1.5358412828769892
1.5433874152455145
1.5492554550847564
1.5533028766598749
1.5698484844676779
1.5914743478222684
1.6061437662025289
1.637966575332275
1.649672097402379
1.6817002632640117
1.6848973412895094
1.6860978224386594
1.690373176402137
1.7001671950034776
1.7136763386037432
1.7439150685448803
1.7803160618511815
1.7813027243412431
1.8327872794443936
1.8515939143293978
1.8605535108043
1.87934505270679
1.9229602524217095
1.9525370338891352
1.962908463566763
1.9661702810991055
1.9671032010486618
1.9794270135949552
1.9864805241919914
2.059507963384462
2.0735370567009013
2.1046905677713452
2.1196819070314787
2.1236966921526266
2.2008336613893777
2.2159447414081836
2.2696797332614786
2.414183274468164
2.431737382668912
2.4788893057291848
2.4945188424549616
2.5026553071213073
2.5409152506209396
2.5667512064759195
2.5719039492254545
2.572499027248115
2.591200266770909
2.6795317466061315
2.6858832308571126
2.711399877917789
2.7439580169561677
2.7481253991342114
2.761072459177548
2.8007992847460716
2.811373219751779
2.870638556967166
2.945251596524278
3.0277971911003085
3.028460561465334
3.0550533814526197
3.070616719920949
3.081309625853953
3.1262615123832584
3.1482748113271244
3.1689935618656846
3.1809515221789963
3.2573211021816393
3.291470864945696
3.485893697588321
3.505801068815174
3.565425739005338
3.5829766850945934
3.6447682534961325
3.658346312767458
3.826582626038009
3.912057927154954
3.916339902412458
3.9338331445406522
3.971441427079049
4.009959750329206
4.011817960748906
4.03215824838089
4.045614038590074
4.147087058731468
4.182945825643932
4.22354322116078
4.250833693378901
4.395418442392308
4.405975982958718
4.444239479647713
4.44712960804361
4.47566250600284
4.479911635806686
4.504060835720161
4.514893159807908
4.519900299438096
4.522089851007945
4.526540057672519
4.533270171384473
4.556932871343448
4.558359171745454
4.608398923428301
4.61121351502447
4.615409568925707
4.6227159485364115
4.641716571004216
4.645219818282858
4.675186247802347
4.675834638909177
4.676686413244402
4.677760095085575
4.6800375078340295
4.681211508298614
4.682663561797167
4.681418654684369
4.677625563504098
4.676574358357219
4.667157521859755
4.65639931970422
4.648773969995981
4.642593476180172
4.641787695441481
4.641679704762505
4.628036809176642
4.626239253046871
4.6160599450839825
4.609960026907123
4.608486596409643
4.554843046351148
4.54956669522477
4.533984501591363
4.513295975863102
4.500536482707228
4.444303677131184
4.4358470400164345
4.376367762898362
4.36390950479217
4.350190410221098
4.32633883377647
4.325324821374065
4.282736046798009
4.281300663184879
4.278818513177185
4.272925524021127
4.26437896022023
4.257910018092481
4.243176222615934
4.2340978980906145
4.231420549769177
4.227264302635692
4.182032478608296
4.13305181571851
4.1147288669449775
4.030113599729589
4.019404237141709
3.992738149860145
3.9925969615501926
3.9916086208593486
3.9342557260118007
3.918158044000611
3.8588393323932872
3.824051282635359
3.821112479840018
3.819853356244106
3.7338729324905304
3.700654992679821
3.65700588128021
3.6551136802723065
3.6156148581621594
3.605214493455017
3.558324125733551
3.492708240813059
3.4579551325877445
3.4446497791170256
3.4336640803709972
3.430553204207856
3.3957755924684916
3.3438818930364933
3.305133557700327
3.2815342285039177
3.2342212844096725
3.232772575442255
3.228101588434834
3.217589678722066
3.215386109315854
3.2040900382792774
3.2027797011449044
3.154193175773485
3.0665443218884905
3.019016274912782
2.9915854278541443
2.973460754185067
2.971231322386087
2.9583215723480896
2.934260947965329
2.9339197458083652
2.926111251363544
2.8910958903546544
2.8903699741408997
2.885068637764494
2.836495813617707
2.836495813617707
2.812784826517726
2.8078016844480267
2.784426323550462
2.7786913625110405
2.7519396964361613
2.744832108960118
2.7373485499208234
2.7311423159404056
2.726817753830439
2.7190689950043923
2.7186592819369335
2.718074741847621
2.6964735963028343
2.6886493577155752
2.683114520447625
2.6813786084746747
2.676435980820386
2.661165176576329
2.6593633138693846
2.6574773864561267
2.6457590607191412
2.638301203506579
2.636706587122625
2.6289934621788773
2.6267939958783075
2.6208709170839652
2.6155667767563826
2.6128955306999586
2.6016436562752685
2.6011365311000456
2.594325242695971
2.5913981513219557
2.588078280101911
2.5872298608085447
2.5798984158312916
2.5754082445176536
2.5694508189299774
2.5647105878643557
2.5589616452660957
2.546652704413352
2.537854218978412
2.5357836039295374
2.5346853600005086
2.5326818238200537
2.5320088602953894
2.5304834531831064
2.5292144141985085
2.5290659027792373
2.5288608770754064
2.5288436049616476
2.5287849452652322
2.5291740477995885
2.5296364073229967
2.5298972543904794
2.530553568641363
2.531172555053219
2.5315630067002473
2.53203712939046
2.532316495744717
2.5327440042701794
2.5338553569013644
2.5343647451835585
2.5382098702259763
2.5393035562157933
2.540119612045135
2.5423179106919633
2.5485772712707777
2.554428412056919
2.558336696919644
2.563061500688875
2.575063145433045
2.58786509441241
2.591117671123574
2.597637484531753
2.641432050518276
2.642854636829782
2.650059976211237
2.6571444129187696
2.6591274837102308
2.6861606194891796
2.6891678718872747
2.698667239818995
2.7145791757378115
2.7155063970457523
2.741757917914536
2.7622863794752224
2.7821720325034276
2.797413213804024
2.8136966404640815
2.8249829551686427
2.83831152682097
2.8672523750658523
2.8681130814209737
2.9029272539805824
2.919057063948069
2.9340520961132968
2.9427810180391507
2.947622912031226
2.9555359957614806
2.962146326079862
3.0238973447692974
3.0274400047892853
3.0579899587391113
3.062570236869102
3.0685258574670913
3.0775900125784115
3.085250533875459
3.14042320874941
3.1467614588844866
3.15486309757811
3.171508888578934
3.1723857332349086
3.195951741542105
3.220167588712555
3.239442927729036
3.296586927646774
3.347602716587092
3.3884947912751233
3.3964622294320175
3.4910665043854996
3.564612837179137
3.570702206039367
3.5800500656532086
3.6032248924315264
3.6155451369255687
3.634990055380504
3.7170738628834736
3.7254027474662488
3.796701377099311
3.831911818717552
3.8346621157770864
3.8655711663216175
3.865970581379973
3.9962492665833094
4.1787002973810345
4.189320731063813
4.266181169692527
4.291614714201247
4.307095125583997
4.367229143226104
4.370707492036553
4.4264792560052415
4.627724892530106
4.683544755838045
4.807825257927066
4.814762062378379
4.947908277417954
5.130241589868767
5.416444740247907
5.487992281221582
5.731521864326348
5.738485543017304
5.743623233651295
5.778263285742931
6.039813238534485
6.053847585512581
6.078103108222685
6.227498963335818
6.400635589546178
6.41141087747445
6.425528937726478
6.517201511219218
6.599884855441386
6.611410629313403
6.861186907497348
7.041819283716123
7.086978638671033
7.127348209514961
7.160126490767974
7.162862776004433
7.24068810191805
7.268750304871667
7.324620165673647
7.418005409272681
7.506428201822704
7.585483193585022
7.6578206072274515
7.8645036359033815
7.908069768742262
7.946901417685611
8.043440131710927
8.061714631808272
8.0968371065055
8.44008729116956
8.483788199379743
8.537014956947809
8.574356079172617
8.614503975037225
8.660769498484582
8.746306412236338
9.106027787531149
9.17252893017972
9.348623139972396
9.56488918515885
9.569077469260574
9.71099737593702
9.797988349406232
9.846581521058498
9.97291175958953
10.011139874762106
10.035036065429665
10.066176559547689
10.076772294020495
10.19253382463484
10.19630620564712
10.25305530987592
10.306522931180616
10.32569599184368
10.380372640261015
10.402850572802167
10.408936071984748
10.441745256685056
10.486331481484344
10.503057799789804
10.534509361979975
10.605878747483487
10.613730758402538
10.615658857343485
10.647126278755378
10.650995080207444
10.662778326414795
10.673776793936893
10.689060331867386
10.694114069452375
10.696008991178486
10.698447180122473
10.721259012206437
10.731989261412295
10.736660177064758
10.741835044830221
10.742501695589025
10.743840429000967
10.727512326306352
10.609893715982988
10.594435528747734
10.552425638558994
10.529274379916457
10.5061701844326
10.500642333320837
10.434374154237988
10.401440530020611
10.38966738355162
10.35863510979874
10.279707887753366
10.22868322814926
10.150914632473983
10.114931083203556
10.011851155941468
9.9971058052977
9.98129163438023
9.980319871298938
9.966672693876644
9.885203799615939
9.875096434547803
9.828147039102099
9.599166998625567
9.487730719081952
9.409992103123233
9.385139063056702
9.32113299170351
9.290664440552868
9.25588570492827
9.234807282195076
9.06331758238521
9.034162344577773
8.817851423385452
8.689879950270647
8.683621042192279
8.630055218461353
8.58084543270432
8.566797761074405
8.491990909694717
8.202901431639892
8.111522324694608
8.036324211985688
7.974399885086196
7.9281320821688075
7.9021192010439565
7.800700833229575
7.737198127238201
7.729570300780355
7.558512673726777
7.393290472875707
7.354158204180258
7.28313168563939
7.113149382451962
7.0864665366622015
7.035481152305692
6.819219872773236
6.805216035030891
6.686120222112021
6.587328307331644
6.552543553329146
6.49544194863242
6.408487873484277
6.3154470490960355
6.211247800338911
6.139595816965289
6.116949995339028
6.044699086378803
5.961806476348657
5.943240553149534
5.935946839185498
5.836475120847514
5.824112671371172
5.783426377601881
5.7306952234523685
5.70587179521299
5.677148048472408
5.647084623202064
5.640973742418479
5.608603508601959
5.603394495210648
5.559465918641742
5.550293921511915
5.509376189644936
5.481601682464191
5.4367011956291
5.323040425182231
5.303108571740793
5.278257787961434
5.250311205506433
5.231413904335747
5.209504156973439
5.202442775713184
5.160094339850518
5.153367030988853
5.131054732462264
5.094643704776635
5.089015966821328
5.061921190262647
5.0613044368911675
5.059210999193797
5.020115497196696
5.001197454835674
4.998811051188805
4.984997228374332
4.956394264339526
4.945537272573401
4.9146172280266525
4.889966793451984
4.884802852082638
4.843379743408679
4.8410866270648585
4.829731061733237
4.82474321603255
4.823202937648194
4.805981574164995
4.800020914647923
4.79046815922837
4.787613960795221
4.769325244683966
4.75709846357977
4.735426515169552
4.7211278570395985
4.706871305414783
4.699337000747105
4.698953857110262
4.6965835126903785
4.677605838275271
4.662767612772708
4.662210906004701
4.659968977721594
4.655991087307154
4.64994828159724
4.6480951186292145
4.648021893870321
4.644028481674563
4.64211842962185
4.635981953566698
4.635731023271298
4.633248512619494
4.632776569618984
4.632540308859796
4.630114525611745
4.629939100970727
4.629937185950846
4.631462155084414
4.637965583069948
4.639586425294562
4.64867054257416
4.649911022418243
4.654070449614247
4.6642184396280655
4.665068130016769
4.666449508470959
4.66900389421478
4.669765383831116
4.679729010830699
4.700153944431412
4.709180076690606
4.710269458130957
4.7135832644375695
4.724898341521155
4.728968924825722
4.737857752332969
4.757478124539652
4.768544068549784
4.7750315878792735
4.7873633035151775
4.805791062650427
4.807590513955749
4.835907643212659
4.852172043349739
4.867625741548808
4.872498734371733
4.896292302233823
4.921175799366733
4.966450579427607
4.97936210948397
4.981727755667391
5.023038287922762
5.026523823774752
5.059788268274739
5.075817879862052
5.078907936019389
5.1035232553716305
5.105785098392981
5.125866583032501
5.155380822438839
5.168996223520312
5.174152502591131
5.1925638119359565
5.194907868996611
5.212365616826907
5.231947813730705
5.267969654417581
5.276013893592324
5.285711253139959
5.288428549666662
5.298070556013968
5.313501936536016
5.317924716020019
5.324672225294156
5.340452868819702
5.363231248528274
5.370745427992679
5.391813374015758
5.414288166717614
5.419077709854624
5.43912788210056
5.504265653614522
5.538053238931081
5.5608062850914335
5.598272979642388
5.643829941828452
5.646719138580593
5.774595212609295
5.779262001996224
6.02026123652984
6.069368538311994
6.252607500340679
6.260074861164637
6.269231525862871
6.363775906009808
6.365505669234298
6.396249264961554
6.474349383009641
6.539897390145754
6.559916548607409
6.61103744300245
6.735517481762624
6.768748616359089
6.845721011809305
6.859633185076829
6.912064601101703
6.9488694995958875
6.976205139471473
7.111387336132525
7.180349185554516
7.417098981301072
7.417889794222759
7.434135232129748
7.4436746823301405
7.820271112093887
7.831561390342847
7.8787534634768255
7.958019349166066
7.9871289951735065
7.999271977977456
8.034067759278813
8.114987903469006
8.302707324406374
8.33000972811423
8.367595858316976
8.380182453884382
8.421045117290834
8.453855528749747
8.611725009041374
8.625373044024501
8.685393376467285
8.76205219337741
8.798402764458176
8.8093499437352
8.90927883328561
8.939568110279179
9.026977700338291
9.249816627764098
9.286172092884591
9.629427620492152
9.65295157749249
9.697248580252186
9.762663846388708
9.803967205379038
9.981662637893596
10.032057085250246
10.12062846539735
10.213211027591147
10.286419693126565
10.354445280196208
10.446738448539664
10.628601002494703
10.657463087047667
10.689035552711722
11.0767687430243
11.641544638393722
11.834707384537086
11.94563854432775
11.999521658406865
12.378520359278404
12.735302023821523
12.752948860776787
12.755890427349284
12.839770867316401
12.844923995812032
12.880266446539311
13.149206379748408
13.154363983375218
13.236127574720928
13.275148756521292
13.339900755555604
13.47508177045793
13.500755092208864
13.638373918718093
13.849451672203996
13.931919943652884
14.132953324974773
14.225438886066256
14.856219176677692
14.902566456904395
14.993013383686879
15.105848049902608
15.339331345554443
15.84310078329062
15.952234144463057
15.96470821131106
16.13207464597492
16.140255431674987
16.16321515845987
16.247119655003328
16.32498864733466
16.39615128416059
16.44862780417127
16.5073529249837
16.57548998125195
16.640710679617342
16.680814355932437
16.750365384297886
16.779462519784772
16.791344565888277
16.79419562584589
16.79433651099135
16.809965863154368
16.81378370702187
16.81909476425475
16.85375102090604
16.85468353425223
16.855732456178586
16.85500784273399
16.737429079186423
16.737047546221337
16.58458895982355
16.323226659121488
16.291551889555247
16.27976910134494
16.26230138698485
16.2486530930457
16.1856403313364
16.012362757171758
15.997100608791394
15.95541419303185
15.699544299912569
15.567626772656341
15.473616984824178
15.460960010356235
15.162866715130278
15.161700059276477
15.087771758386417
14.935731009744314
14.44056768040407
14.106143339112494
14.09973752883826
13.971993804203532
13.94948003623293
13.94754972740374
13.945619332922876
13.8264336454761
13.476475033282235
13.350659176886342
13.337121818577376
13.199356941982908
13.006997175710172
12.945045649874467
12.941855953196287
12.828556488465113
12.82665137823061
12.796824877848847
12.761337733910814
12.743615464280246
12.69179900427737
12.657746937968188
12.559080998216887
12.205002920975526
12.195199539652117
12.157887548511505
12.123723491620598
12.09086208480827
11.975899646238169
11.93201080512057
11.834593681423234
11.565947051245836
11.558405224056614
11.383114930815514
11.202702260977764
11.185419726122596
11.164837827669801
11.103943285222051
11.079709708121928
11.06322772237275
10.935815388108674
10.790298702369029
10.672578602111864
10.522537305443697
10.1075106189101
10.011500721962907
9.808973781413211
9.767589810684406
9.69066913627709
9.536917351321192
