-0.11125656693955056
-0.1393591036189782
-0.155197424900193
-0.005082065771009073
-0.03428263883566389
-0.2813254753826152
-0.2840380221774779
-0.29688255604273733
-0.30761110993163887
-0.30507003771114777
-0.2949362789441508
-0.2606876488765228
-0.23128419447005355
-0.22123089888737552
-0.14211993313318927
-0.12111846158249595
-0.10329892091389256
0.03801562082535663
0.07324859187619667
0.1207266074784275
0.13262548011388237
0.14542777723806255
0.16669682252019014
0.18635825456236094
0.19391489026722053
0.20542965005089636
0.23545740276063237
0.23656750590348263
0.24450028107558275
0.24561800763893127
0.2605832330738377
0.26184427624086953
0.2726852107172062
0.27550515413135207
0.29223137733477456
0.29339056549118764
0.2935646390914894
0.29721953203366247
0.2986675019000911
0.300234322629773
0.3005958362918132
0.3009210214527007
0.301116624510157
0.30529712437752055
0.30534058364886346
0.3057558697057938
0.30575848994076527
0.3056898449302125
0.3054352240470889
0.3035589162697375
0.3022474737402108
0.3007347264252186
0.29959890881923146
0.2993327217570166
0.29543335148529587
0.29538659762125413
0.2930459457999186
0.2930382346099239
0.29153017636506406
0.28994655319918383
0.2892918433165836
0.2886972471917496
0.286859499849749
0.2855325234452853
0.28508202419181733
0.2848779524553836
0.28483913440351727
0.2841808429287644
0.28375470704060696
0.28356446859830736
0.28310062270825703
0.2838453432829952
0.28453627363144546
0.2874997099557975
0.28939122696932157
0.29378178960789075
0.29499232976922746
0.29716075266568953
0.2976924047611825
0.3077848532176083
0.3108829624266414
0.31294610369458364
0.320896635799852
0.32457092984199604
0.32540783095918724
0.3276771852407181
0.3276771852407181
0.34924085366022156
0.37185336552152287
0.3723068608450739
0.3805457548311944
0.41086123878260306
0.4289585234371745
0.43392489108673254
0.4437908271294623
0.45042303110407284
0.46506755401873856
0.4759582615357288
0.4872081846831432
0.5239169558665262
0.5321358117063779
0.5676851184800714
0.5777667332243812
0.5863094318417839
0.6121727279639112
0.6303807947092939
0.6737762541992098
0.6776982974238742
0.7593643776846708
0.7751220068476652
0.7757620969804415
0.837497115800173
0.8424841900867013
0.8436999626725549
0.8492517645384352
0.8521037596032125
0.8888473409788306
0.9073316246735018
0.9243102572169615
0.9407322020461137
0.9630905519100352
0.9744357694941919
0.9990758154294699
1.0401247335074189
1.1287059726542812
1.1553321314887375
1.1791625964547185
1.182287137664481
1.1901076051916588
1.2204098074998653
1.2207247245164936
1.2309690004376586
1.2638656472015752
1.284187482224961
1.2924582125939659
1.3144450779692798
1.3169975532479699
1.3475133380905406
1.372329710094205
1.3760153943520204
1.4121047804072968
1.4373123953760347
1.5421469990010448
1.5432692326978192
1.5503219349888573
1.570984512050697
1.600891493374585
1.6530259759120265
1.659068852846448
1.6700323351070363
1.7083849415250818
1.7090175052080487
1.7334931495749972
1.7382220174021392
1.8183216397809137
1.8684827848763024
1.872040008706516
1.9709756239119818
2.0073764475479807
2.059307654800112
2.068591021145259
2.075767901834361
2.0806968333797693
2.1006681204300333
2.126350157727389
2.1435068070205787
2.18001729032796
2.1932107112875947
2.228685500732943
2.2321776294090587
2.2334866465399577
2.238138587999997
2.2487371955326307
2.2632252521229095
2.2951198944871725
2.3325710972568237
2.3335723533681767
2.3848447010911182
2.4031128843641456
2.411732315924676
2.429638668922199
2.4703302015363144
2.497259376202622
2.5065794131824712
2.509497593808758
2.510331094200667
2.5212944937618498
2.527530289805172
2.590476107909667
2.60224241128053
2.628010616734808
2.640236891105943
2.6434923376688904
2.7045411420385688
2.7161765571366
2.7567287680378527
2.8597712349313236
2.8717254828681824
2.903263692835036
2.9135374865959407
2.9188509600780517
2.9435211417053417
2.9598914894695914
2.9631290419349603
2.963502357738113
2.9751734141644643
3.0287450803930946
3.032501143256645
3.0474650585112766
3.0662707830615785
3.0686549879955156
3.0760294406825306
3.0983531793281154
3.104219057686383
3.136523456543807
3.175867894225127
3.217784639410202
3.2181149917924103
3.231275686762735
3.238904568969928
3.2441152507591324
3.2657532130598583
3.2761966532935225
3.28593730498681
3.2915209424164953
3.3265511653401107
3.3418825080174392
3.42583739711051
3.4341623301081645
3.4588573608421997
3.4660649890954223
3.491254562030806
3.496756127523243
3.564372846753541
3.5987410287338752
3.6004708365322604
3.6075494114582614
3.6228436835994997
3.638645128541036
3.63941159898005
3.6478299803083667
3.653429791618737
3.696677705580018
3.7125172563821702
3.7309146531905486
3.743608720093649
3.817174284604243
3.8231164360862655
3.8455800201540913
3.8473427117195413
3.865327799695124
3.868104942108906
3.8844519313806884
3.8921321034315364
3.895763892804062
3.89736918291783
3.900665291467273
3.905738923907897
3.92453849129669
3.9257254021750527
3.9727911103940015
3.9758540026447746
3.9805338251707973
3.9890431325655054
4.013965704474181
4.019149679070584
4.081260374499874
4.083438934409955
4.086452508027133
4.090548689955926
4.1008833158213935
4.107773585879785
4.1206576350600255
4.157312333574027
4.176060027640073
4.179908817586845
4.20546290106603
4.225956594751218
4.237826643474937
4.246398719187619
4.247459864357277
4.247601173036827
4.263972457426328
4.265941237127818
4.276427784868625
4.282239112040146
4.283595822027014
4.323830387000333
4.327045932122073
4.335950054542105
4.346549799530214
4.352469677127292
4.373838331309947
4.376465155574805
4.391247400869983
4.393589198667975
4.395888027032005
4.3992118778934
4.399334761655262
4.403195215141948
4.403282195867926
4.403426137271232
4.403735195027839
4.404102386486895
4.404317174953135
4.404606087066706
4.404647346177881
4.404639827103864
4.404610505356461
4.402930805822634
4.398396337763351
4.395999745872196
4.380185307200743
4.377642685870304
4.370798018267661
4.370759843555845
4.370492047361714
4.353273161611769
4.347856203755884
4.325746037844821
4.311242444486948
4.309966229457785
4.309417027206112
4.268559024855977
4.251048807958308
4.226630333536784
4.225536211175246
4.202034478131108
4.195638326320081
4.165745895165799
4.1210804754568695
4.096112210157326
4.0863151024598805
4.078126944174141
4.075791981205746
4.049198529766283
4.007827794133553
3.9755815913806765
3.9553509052092197
3.9133613602434156
3.9120440608691998
3.9077834633470943
3.898119786105794
3.8960806039373623
3.885552583221774
3.88432314285205
3.8374567969445943
3.745479497785283
3.690473585475347
3.6566310532910404
3.6332897070212944
3.630360179278824
3.6131298275052073
3.5797146803640123
3.579227795252186
3.5679797736390975
3.51484308648428
3.513690855238076
3.5052088115036186
3.421343122611645
3.421343122611645
3.3756953720489746
3.365643496509882
3.3161183102916145
3.3033243159580126
3.2398517145178594
3.221837714574436
3.2022963470606483
3.185620355386294
3.1737370452750793
3.1518782367660605
3.1507015776813065
3.149019118575147
3.0835942020698575
3.0582020801324554
3.0396405302520675
3.033712159899879
3.0165427140006953
2.960596194176458
2.9536851107383333
2.946377149709348
2.899169198013254
2.8673844928033305
2.8603988488705387
2.825603123944437
2.8153606050955937
2.78702264501031
2.7606535806140258
2.7469953083566714
2.6864012122967718
2.683544510926773
2.6440099722717063
2.6263109424726077
2.6056761887682867
2.6003025281115315
2.5520187541639507
2.520640743124571
2.4765434296064615
2.4391253793760614
2.3904105989765227
2.2688658998984503
2.1563479814361304
2.1236190978239455
2.104571237044314
2.0653404932612207
2.0502785872487466
2.009842091003758
1.9597593480277338
1.9507239702533319
1.933913816078216
1.9319978118307508
1.9239104247263168
1.8627733811465395
1.8440532622200576
1.835910865004996
1.8193087458153245
1.8067483580420105
1.799836630366966
1.792230710459667
1.7880838184890289
1.782142893256458
1.7685378030648446
1.7630133431703425
1.730652594042186
1.723565820269664
1.7187212281674298
1.7072531401183269
1.6838371295565435
1.6703021306041528
1.6644032031958504
1.6598719448406303
1.6579685954205003
1.666782605765553
1.6703651784003082
1.6788942457455964
1.7687464997004094
1.7723451730464113
1.7910463650440112
1.81014175207001
1.8156018391306974
1.8941756674227206
1.9033177039020601
1.9326185709180266
1.9829287829550213
1.9859011716606567
2.071488003661005
2.1398188743118762
2.2066780349307606
2.25814322327137
2.313177182045819
2.351282257934529
2.3961795129441574
2.493033471856801
2.4958969819193837
2.610682175596719
2.663081836205496
2.7112939660454565
2.7391244919691067
2.7544849808688534
2.77946772778559
2.8002205341749042
2.9886682284521267
2.9991720156327344
3.0883250077739355
3.101469782809465
3.1184747358156004
3.14416671566402
3.165702421749415
3.3160080572836703
3.332738731683131
3.35396467084332
3.3970177484010367
3.399264930611017
3.45889082650752
3.518634935703234
3.565105340395552
3.697404562182351
3.808926866860855
3.894100649677271
3.9102784060805007
4.092659101516642
4.223139652768154
4.233540275618192
4.249392509394029
4.288111045719596
4.308365915208619
4.339884492593911
4.467270252575283
4.479717470131637
4.583014544667037
4.6320295336659525
4.635806374194414
4.677759722583375
4.6782960692777795
4.846166481971338
5.062069232175225
5.074090954583498
5.1596244289023225
5.1874043436855475
5.204195967006057
5.268642634518803
5.272334551771333
5.331038537923879
5.5363988357376215
5.591903335042557
5.7136829164665555
5.720413929056884
5.84840688697739
6.0203460185607165
6.283217970630137
6.347608675089405
6.562593690227214
6.568642017454144
6.573100719061292
6.6030812129720315
6.824669098814526
6.836310648195398
6.856368806220335
6.978146495384985
7.115341553917644
7.1237361992465695
7.134709186088435
7.205239630309848
7.2677706407929525
7.276404793415097
7.458485279672504
7.584090839536867
7.614690643149012
7.641772903220361
7.663573669826688
7.665385918160736
7.716436823278273
7.734611390389171
7.770428387568535
7.82920813095416
7.883617900141879
7.931245584327623
7.973992325470813
8.091812650648764
8.115846290055282
8.137037161219386
8.188787924291093
8.198436334348328
8.216849362073251
8.388061886362486
8.408768446197003
8.433671497204731
8.450937741817942
8.469316896714693
8.490262908940977
8.528345321516149
8.680068432284575
8.706768986113522
8.775732041320289
8.857510616475782
8.8590684276773
8.91141507849613
8.943184790794884
8.96087410842292
9.006855916134402
9.020820100889322
9.029573398052706
9.041016854947468
9.044921640801316
9.088103085374295
9.089530849781116
9.11122241251244
9.132105872026305
9.139725313655912
9.161925516647313
9.171292022858083
9.173855680054313
9.18790680250985
9.207735693816495
9.215439481798667
9.230408112043015
9.267617255828279
9.272093513038207
9.273207844194463
9.292403379733416
9.294919254619725
9.302848208048491
9.310673733884773
9.322431466521529
9.32660809080714
9.328219064725536
9.330331485073124
9.353177718471628
9.367541131277223
9.375586558735154
9.38803173802148
9.39032536510736
9.412664343247911
9.443336693465612
9.497522095685165
9.501027514029452
9.508751330792085
9.512084453606354
9.514867194014474
9.515459630557723
9.520647956212713
9.52207673350737
9.522424175681193
9.522956237053853
9.522032757379787
9.519875392928277
9.514480872079817
9.511183344540983
9.49913251834564
9.497106576985008
9.49485252112497
9.494711288349656
9.492694761091796
9.479395777771975
9.47759812609217
9.468830081241789
9.41656732835503
9.385646976472279
9.362016387057984
9.35410892659029
9.332964026639802
9.322505886284175
9.310260583320947
9.302679978227019
9.236585129254426
9.2245719382923
9.128510113181317
9.06601547142023
9.062852658597224
9.035382701024004
9.009516676421025
9.002022886614217
8.961301388812663
8.79137175399166
8.73366491634263
8.684804545759606
8.643665012129418
8.61240735120443
8.594642231278765
8.524101287048191
8.478930121873343
8.47345398277854
8.347957591547148
8.222236665649808
8.191875500033262
8.13624469023008
8.000622089739592
7.979045881541383
7.937623046161371
7.7594089856254955
7.747744451392029
7.648004580272558
7.564568155468414
7.535039457290532
7.486388346974626
7.411840899900244
7.331347245612738
7.240043657775686
7.176322177595387
7.15598601033791
7.090341391341952
7.013273325906936
6.995700428441999
6.988761701908337
6.89185362937537
6.879472121366819
6.838103338957687
6.782903124277439
6.756216497743951
6.72471180139929
6.690954826010513
6.683988554494281
6.646455035010252
6.6403113064951675
6.58725664213649
6.575881687331474
6.523761159599045
6.486998908755453
6.42492121652479
6.25015045177102
6.216403893760165
6.172821815546921
6.121663719519349
6.085688850240311
6.042485125662713
6.028202356022438
5.938606918682405
5.923716510388966
5.872942812570947
5.785188203585761
5.771045562938358
5.700621993989422
5.698972344764038
5.6933569907555555
5.583742453786549
5.527242921662853
5.519944532980037
5.476912526134682
5.383324034993325
5.346111940966072
5.234580533708046
5.13924310868057
5.118488494668523
4.941125046263605
4.930697757193447
4.878034478016869
4.854344910280088
4.846958480031192
4.761993063926597
4.731518578583111
4.681460128028906
4.6662010398543465
4.564893582412259
4.4934779635122455
4.358571141745661
4.262818990569665
4.1609683764735905
4.104144371586895
4.101193131039537
4.082795245698781
3.9255478930677468
3.7863157158552534
3.7807126938564095
3.7578083314225976
3.715688806327353
3.647264259076235
3.624935598192968
3.6240379387490647
3.573010459854472
3.546878901575032
3.450639892347394
3.4460908579341263
3.396140993725141
3.385181289597151
3.379428102729127
3.2917675490625085
3.2676187974439808
3.2631583201135554
3.196949082544288
3.1377163585518573
3.130918836295704
3.112669511579513
3.1118592175390716
3.11107264989767
3.1183106369138214
3.119364384543202
3.1211984866407882
3.1249593386613177
3.1261675436187977
3.145110843951032
3.197188141847846
3.2241305426885747
3.2275078238604964
3.2379313349777186
3.2750465949331886
3.2889048735109627
3.3199566299881056
3.3916180269749923
3.4335098553294867
3.458458377423937
3.5065360329525372
3.579632894355906
3.5868344372718344
3.701184008086055
3.7674235382931665
3.8305181861962554
3.8504229811870987
3.9475196829990993
4.0486178727813655
4.230390244943959
4.281555507649701
4.290893163612273
4.451955212203795
4.465361850712645
4.5917742491164155
4.65166377479482
4.663129850157456
4.753540896154986
4.761765027990263
4.834157325590862
4.938495180692013
4.985794645710915
5.003569472234577
5.066418093127399
5.07435028186508
5.132933206975736
5.19761161635387
5.3137501056882535
5.339186665254402
5.369610091055243
5.378088040276189
5.408005617084161
5.455352154018091
5.468801460280366
5.489217039791101
5.536480344767175
5.603519424797727
5.625331136246175
5.6856934949524875
5.748815560847231
5.762099896644724
5.817081042785827
5.988861713826484
6.073996822245741
6.129860719477237
6.2193593842096
6.324164971297113
6.330667651383625
6.602401504401829
6.611755206739627
7.048726754066868
7.128048822922071
7.400845519264031
7.4112742133510565
7.423995793397123
7.551312497650703
7.553576989853841
7.5934611487746935
7.691865284345946
7.771516308119188
7.795355075924546
7.855271666606731
7.996017754274196
8.032499354231486
8.115468248198036
8.130252677616788
8.185439450156185
8.22370798092317
8.251897689832175
8.388736617233103
8.457133938010042
8.6865897667812
8.68734510656418
8.702848378389884
8.711940304717409
9.065674896161601
9.076164254595977
9.119957092874763
9.193343178493103
9.220245096086849
9.231459990538692
9.263574008897159
9.338137440359505
9.510531907461635
9.535542316227271
9.569947359524308
9.581461989379019
9.618821098887517
9.648792146793317
9.79265694840632
9.805066094159336
9.859580974807479
9.929065490959253
9.961954652051665
9.971851575449222
10.062016653031288
10.089280243411212
10.16777188680142
10.36647133638089
10.398675363266545
10.69925532543549
10.719600966145824
10.757816585558231
10.814014800007888
10.84934913340833
10.999979091212133
11.042270488890177
11.11612100701601
11.192642549923894
11.252648219748522
11.307996747192808
11.382445215265001
11.526899676684947
11.549543964166944
11.574224900373386
11.869445083337197
12.272157755665214
12.402208693301297
12.475104888343463
12.510041222117433
12.747076401616804
12.956434787869444
12.966447974002527
12.968113976435031
13.015248810483293
13.018121119092683
13.037748026804419
13.182987897089276
13.185702990845323
13.22839713721349
13.24854290385131
13.281647986110782
13.349467918260919
13.362152771117255
13.429101363962912
13.528427184698165
13.566157268962996
13.655679293494241
13.695727346018646
13.951245610839157
13.968904332790805
14.002968654813568
14.044759399253762
14.128955582875072
14.302552291834186
14.339305873237974
14.343501763655304
14.39989474369457
14.402663221442193
14.410443604373269
14.439049708641779
14.465952700160496
14.490989859340056
14.509839557074416
14.531464391255076
14.557527213888346
14.583910953685152
14.601167845022305
14.63421193351812
14.650030389650146
14.657064336450306
14.658817641982669
14.658905016233675
14.669104585602662
14.671780291864499
14.67565864991207
14.713217405084274
14.715635374701574
14.730250403340373
14.732738092409845
14.77787119790099
14.77791512108825
14.783951247093073
14.766968412998782
14.763473507258688
14.762108462956132
14.760021795494065
14.758339979954549
14.75001210787854
14.722717574120114
14.720025718136299
14.712448135697901
14.659084141676598
14.627217271452187
14.602781984475236
14.599384315461611
14.51212255192016
14.511754103955374
14.487983709399659
14.436497129720133
14.244884363557883
14.095008699077958
14.09197820186694
14.030297459219446
14.019181032456196
14.01822449996806
14.017267384924292
13.957129129794776
13.768757944644053
13.69678609764024
13.688909803921433
13.607304694637653
13.488990783569946
13.449818510517835
13.447787717847659
13.374775632732721
13.373533442877255
13.354023580661869
13.330659562768492
13.318930243159649
13.28440306098894
13.261525090708602
13.19440473871604
12.943713205003018
12.936562152199958
12.90924538864847
12.884096100865222
12.859783416291535
12.773803832987362
12.740609476399785
12.666223730767678
12.456346687007814
12.450360439153613
12.30989839705981
12.162887524102372
12.148686651664534
12.131749470303049
12.081482455789828
12.06141558320421
12.047747819461954
11.941584540692707
11.819359362524668
11.719845780566716
11.592357410943817
11.237450807379187
11.155143109207783
10.981506534673505
10.946030498845866
10.880092738352474
10.748255414326595
