0.016925565411016037
0.01859395453420696
0.05879616217099465
0.07514846911961272
0.08118331205214054
0.10928771595149422
0.10982457434775725
0.1127624581030752
0.11615832832994917
0.13300563461028544
0.1366487544285443
0.14552787979111315
0.15165225283091863
0.153599836645091
0.16777689446000837
0.1713947189473824
0.17445990397326053
0.20000302842445836
0.20712349072174335
0.21758850846040484
0.22041524692693298
0.22356988372393619
0.22911423327199135
0.23465065492134637
0.2369060358611119
0.24050463824684895
0.25108966553825174
0.2515238015627241
0.2547416499259372
0.25521270169281607
0.26204075439278235
0.26266870499190775
0.26852583766222626
0.2702147159268525
0.2827059770780458
0.2838315916557078
0.28400546979985425
0.28802317162958174
0.28987073236897787
0.2921161638712863
0.29268137363569713
0.2932081995508054
0.29353427131178106
0.3045572275961717
0.30481054139440844
0.30949234124165936
0.309886958835113
0.31202766542698546
0.314565863725135
0.32256792709290494
0.3262467845943901
0.32990388859508163
0.33242356124529354
0.3329953151986097
0.3409627502358967
0.3410563054254111
0.3457781533053719
0.34579394866244706
0.3489387300254896
0.3524146899871375
0.35392820716818124
0.355354310382135
0.3602047033212937
0.36439761754948524
0.3660536420029701
0.36686197983571905
0.3670206390509007
0.37003176689708794
0.3725009805931597
0.3738627387280017
0.3806074399191422
0.39035151186512557
0.3939492062500683
0.403730859274048
0.4082747520913892
0.41683440541258526
0.41889523561146214
0.4223684009614934
0.42318343088166294
0.43681099883597657
0.44050122508919604
0.4428681496719312
0.4514488026577443
0.45517919065267554
0.456011479070301
0.45823854481950393
0.45823854481950393
0.477722861025169
0.49598543770857617
0.49633583327438474
0.5026135217188173
0.524547797852916
0.5369843474703175
0.5403304112100484
0.5469031811784746
0.5512705647722965
0.5607851213812858
0.5677585496790852
0.5748817450682197
0.5976597984130249
0.6026789061242367
0.6241276592705607
0.6301460104763249
0.6352272335202986
0.6505224899759965
0.661225014192047
0.6865805049493964
0.6888645382667318
0.7363179256538142
0.7454768497091775
0.7458490651577762
0.7818491359416195
0.7847686508772749
0.7854806987001047
0.7887338655079084
0.7904060913355637
0.8120207836496897
0.8229496344001924
0.8330249514762867
0.8428058674520811
0.8561834660289172
0.863000087150299
0.8778749207181005
0.9028851454030385
0.9579643871652882
0.974850370532855
0.9901041113792108
0.9921142714714104
0.9971560573695794
1.0168367456823575
1.017042513613231
1.0237503085712292
1.045480115009413
1.0590525253668532
1.064609801389127
1.079479534232132
1.0812149710395231
1.1021143845949428
1.1193216897146845
1.121893833727928
1.1473114461037872
1.1653206372468383
1.2426078356668964
1.2434569310117323
1.248804006419609
1.2645788916381187
1.287704980718225
1.3288723388488577
1.3337157605262813
1.3425417768855072
1.3738144510238701
1.3743354807339134
1.394627826584816
1.398578350119858
1.4669945436153677
1.511312851699852
1.514499600704383
1.6054933153580817
1.6401292577431879
1.6906251051280643
1.699785830196959
1.7068956824736263
1.7117926003983708
1.7317508188859196
1.757690178317288
1.7751897427094867
1.8128824889583008
1.8266534629572064
1.8640727081059807
1.8677868799536024
1.8691805357318496
1.8741394586993239
1.8854734861904379
1.901047446063091
1.9356575429193685
1.9768590822793353
1.9779688218946427
2.0353584589519693
2.05606884756755
2.0658877306328938
2.0863816295906723
2.1334275291790163
2.1649181457299336
2.175882014504363
2.1793217309652406
2.180304791578206
2.1932600718911095
2.200649195723134
2.2760546632546874
2.290313346239553
2.3217176809028497
2.336703224311745
2.340702580863503
2.4164176365340113
2.431002561091034
2.4822223412348414
2.6151328182266305
2.6308158344318437
2.6724637139579843
2.686117353797424
2.69319575767245
2.726213392627157
2.7482638431809745
2.75263826098552
2.753142955385177
2.768951611248959
2.84228539307732
2.8474756108296155
2.868217893401561
2.8944342835166736
2.897769999030989
2.908104744856844
2.9395501801410457
2.947853368271384
2.9938876569391146
3.050671159048155
3.1120545966562045
3.1125420481468105
3.1320083027657106
3.14333432539209
3.151087933534094
3.183439058109084
3.199141171860577
3.213837849697826
3.222284573694028
3.2756380914854484
3.2991790056700827
3.4298918890695442
3.442991664629031
3.4819538456156702
3.493349188467717
3.5332271228658514
3.54194295530996
3.6488276734655516
3.702605659401757
3.70529534577433
3.7162815678037595
3.739897263999243
3.764097830399145
3.765266074353249
3.778060472683396
3.786532337396623
3.8507644065031537
3.8736850960229425
3.899843865173803
3.9175831898037825
4.0148042256422904
4.02220958171487
4.049564538121257
4.051667717735792
4.072761786810085
4.075959404762109
4.094456028117002
4.102953374960079
4.1069285525566555
4.108676809261021
4.112249521483046
4.117704362230217
4.137445294691962
4.138666742405927
4.184728455220559
4.187566390603478
4.191865093837328
4.199565836906299
4.221267298668077
4.2256224954063395
4.273610037018779
4.2751539076160965
4.277274051773009
4.280127058533144
4.287177812148121
4.291761406905238
4.3000802495122405
4.321939353692161
4.332069096061288
4.334058807332813
4.346472049702268
4.355386985685825
4.360102753631244
4.363293426765288
4.363675475893526
4.363726133766517
4.36923734830475
4.36985068587888
4.372928009889028
4.374490006219081
4.374839298938874
4.382125693635668
4.3824047139252365
4.3828815594391966
4.382799837224283
4.382389343659531
4.377836830075287
4.376811942886144
4.367462663907266
4.365066434479771
4.362264652681884
4.357000676071093
4.356766100907708
4.346148512877431
4.345765183845474
4.345098468205822
4.343496171027956
4.341124137122731
4.339291059392703
4.334996077412043
4.33226750128162
4.331450925101975
4.330172625122154
4.315432421400982
4.297790065448079
4.290747928314562
4.255129652914047
4.250258732357513
4.2377744996604845
4.237707045494344
4.237234455347194
4.208604392667564
4.200139130412425
4.167292790205396
4.146799796891235
4.145026262014943
4.144264362005752
4.089300690579839
4.066475956550832
4.035086093311435
4.033688749445154
4.003810743049304
3.995715479436325
3.9580058092125117
3.901789360905736
3.8703140141472647
3.857940870290411
3.8475876723773665
3.8446331624534476
3.8109093351437306
3.7581460178589587
3.716757284805199
3.690681038278662
3.6363381918877526
3.6346295418013055
3.6291019752275404
3.616558559720711
3.6139107820594027
3.600236720325495
3.5986395449411894
3.537761615152512
3.4192652967421227
3.3499137678430735
3.308112222658482
3.279740453996951
3.276208052370462
3.2555663325489452
3.216222156839074
3.215655843142663
3.202630169141009
3.142628596269538
3.141356251395846
3.1320282396512638
3.0434645520214185
3.0434645520214185
2.998058374151653
2.988320623182627
2.9416861143526636
2.929994545640203
2.8740636093330543
2.8587969107471625
2.8425272825738492
2.828877816648584
2.819280312029853
2.80190062045425
2.8009750046228588
2.7996532459189485
2.7497979171584217
2.731225582936651
2.717910571830604
2.7137033243776516
2.701640222547358
2.663543115399246
2.6589608315797317
2.6541440819023783
2.6237194962083743
2.603882852141724
2.599590387949757
2.578558818382256
2.5724762872590046
2.5558965215547182
2.54078800448007
2.5330798893598647
2.499812011984365
2.4982798761372877
2.4773984387002947
2.4682404568314036
2.4577078285783154
2.454990051333904
2.4310235268074374
2.4158734846379977
2.3951258056095512
2.378001997336874
2.3563466778043853
2.3053118220399873
2.261698675686124
2.249653206240282
2.242776144412777
2.2289244363950522
2.223719471705841
2.2100639680629937
2.1938203885131404
2.1909728267507735
2.185745827507887
2.1851560342667553
2.1826803091670506
2.164739062564522
2.1595497072017364
2.1573431492587134
2.152946917418492
2.1497200981613958
2.1479840288024916
2.1461083962182372
2.1451019391129447
2.143681017623953
2.1405273630481676
2.139290296009713
2.1326714814313097
2.1314014573012177
2.1305811391391023
2.128824005659688
2.126442559215071
2.1265610300647912
2.1275122106216755
2.1293783142901543
2.1367460960482543
2.147555708379721
2.1506672766455432
2.1572719749295635
2.2106741935362964
2.2126033775633527
2.222516677113815
2.2324792433972203
2.2353036016693166
2.275148537705093
2.2797174464049075
2.294304070598448
2.319212469642684
2.3206806603121803
2.3629103721077422
2.3966990725705974
2.4299479352318163
2.455721464337334
2.4834947790200834
2.5028708072550394
2.525869595919188
2.5761746198802276
2.5776773571112646
2.638717761792354
2.667138614148473
2.693620174041004
2.7090577533779054
2.7176269503097052
2.7316397614740753
2.743352542792514
2.852938886599136
2.859228977874107
2.9134529192349436
2.9215779856780304
2.932140327205821
2.9482096369098256
2.9617841389779023
3.059323135290056
3.0704975030696624
3.0847699791900305
3.1140545443470153
3.1155956055645593
3.1569513712639528
3.1993159384599603
3.232934851655321
3.3320201715631668
3.4196792803358442
3.489355444437972
3.5028678689597053
3.6616640489348344
3.782928649323965
3.792880655902094
3.8081315301712104
3.8458015479507863
3.865746564033537
3.8971103576254666
4.02794121208638
4.04107398918346
4.152416912983491
4.206689183941377
4.210908525039617
4.25812932059737
4.258737141186055
4.453764174004406
4.716202388177973
4.731100983503151
4.837704933306791
4.87251342904855
4.89358724295763
4.974645826997471
4.979295688697541
5.053277264580536
5.31144686161061
5.380688591344245
5.53129499701712
5.539559260536702
5.695355285962291
5.900273218588481
6.203523105269888
6.276027536514156
6.513571449274744
6.520161606556588
6.525016720703764
6.557597295727696
6.795225744842482
6.807573644781955
6.828821156875028
6.957140416371323
7.100585242891751
7.1093331151095835
7.12076371737278
7.19413998425679
7.259091901503929
7.268055450278573
7.457085133067085
7.587892412875793
7.619865988496204
7.6482093989582225
7.671059476959445
7.672960404941039
7.726608898074954
7.745758160814319
7.783580987443573
7.84592307124332
7.90396964745417
7.955083719923763
8.001226599275451
8.129910783040845
8.156464258067183
8.17997082135661
8.237767554407784
8.248607346846239
8.26935242558721
8.466319338839408
8.490691752329365
8.520176915576059
8.540734140426666
8.562721496763452
8.587914665485057
8.634097886647966
8.823262946295962
8.857445348601704
8.946978965636553
9.055356843392614
9.057442433343454
9.12790948554367
9.170978245308877
9.19502691408547
9.257639849715684
9.276647722207416
9.288552290164423
9.30409787317297
9.309396740945052
9.367703606605556
9.369619574457095
9.398601693320558
9.42623692557721
9.436241896910476
9.465113268394076
9.477154282432288
9.480434031629944
9.49827963336997
9.523051608277498
9.532532207932281
9.550700024900111
9.594212982401354
9.599269988946904
9.600522458513558
9.621675564412586
9.62438632382122
9.632830750801723
9.641013101877888
9.653008737376377
9.65717990393722
9.658775764355713
9.66085723474808
9.68252097234292
9.695285060994744
9.70211946712482
9.71221200959543
9.714005249047583
9.73028166630105
9.748504987861768
9.761387807808836
9.760573445547744
9.757149555665803
9.754649402567381
9.751797743192784
9.751067681588998
9.741083739123146
9.735391217144226
9.733253822237598
9.727381269194092
9.711045530386686
9.69953934939479
9.680746005313365
9.671577166489781
9.643789929267315
9.63963949910244
9.635141185499478
9.63486319374638
9.630940022384666
9.606792109629414
9.6037110378507
9.589158463549465
9.512694278334166
9.472283853115286
9.442872952033662
9.433259046841165
9.408027775652172
9.395777772169692
9.381605642738084
9.372917890547054
9.299450809562162
9.286461895456819
9.185452057594444
9.121735359446845
9.11854141819424
9.090905495326146
9.065036939395263
9.057567102169976
9.017142220874485
8.850284213393682
8.793848975852306
8.746006264825679
8.705632975227678
8.674879281021639
8.65736422855165
8.587499304804377
8.542443698467977
8.53696231626218
8.410003727426705
8.279689462866731
8.247660175539952
8.188341088293356
8.039916109057852
8.015756394661631
7.968918187793828
7.759953369940511
7.745821909383252
7.622522117681501
7.515843339228141
7.477291219139226
7.412850058671353
7.311874549952492
7.199864522472304
7.069295972752997
6.97620767635603
6.946205351410591
6.848554615610237
6.732770414312139
6.706268269941912
6.69579845575719
6.549637150546798
6.531021215938903
6.469025698980466
6.386973576120955
6.347662683852111
6.301614115722606
6.25275968688746
6.242745556743833
6.189219407624424
6.180529722951545
6.106388708856293
6.09071160051952
6.019922991546463
5.97106303604069
5.890644592276108
5.678696308998317
5.64021573646854
5.591658691217808
5.536262310869638
5.498316011559004
5.453814188274389
5.439353280046343
5.351380649717324
5.337203670769457
5.289773195373473
5.210973656001331
5.198634234216181
5.1386027476256775
5.13722401252057
5.132540051612572
5.043859874349646
5.00009316842561
4.994530974028742
4.96214754216784
4.894048134651282
4.867813533524052
4.791861511691248
4.729909760315006
4.716763924923975
4.609021596746874
4.602930152863733
4.572552726279863
4.559094580801996
4.5549240042449055
4.507804591998849
4.491276561858579
4.464537833875965
4.456486613620178
4.4041698695305564
4.3684316152756715
4.303346747335273
4.2589749316836505
4.21335119990225
4.1885772941533785
4.187303665312909
4.179392707667035
4.113767685724426
4.058577931052121
4.0564139191118045
4.047613777543663
4.031624966329951
4.006193991571801
3.998043687741047
3.9977175828596896
3.9793813734341676
3.970147949587441
3.9371226155238186
3.9356023085846163
3.9191765563848215
3.915641983224118
3.913797208201366
3.886727490448932
3.879683833948155
3.878407212508232
3.8606479222915944
3.8484676872944963
3.84767755942073
3.8487863388864176
3.849404739406911
3.8520121194552437
3.8609021202059335
3.8617700946499975
3.863214637686751
3.865987980934458
3.8668388457836453
3.8788425116905394
3.9071684351443245
3.9208136018829047
3.922497357712251
3.9276638324317994
3.9457646471897383
3.952432075438898
3.9672415238480303
4.000961235526876
4.020497978466551
4.032098791089482
4.054415091665116
4.0883231433305145
4.091665961519251
4.144894657748124
4.175919705275682
4.205646855437023
4.215065054915066
4.261315764480118
4.310078202110994
4.399549501200868
4.4251952613352055
4.429898938792953
4.512226896717393
4.519186090031538
4.585662299395212
4.617720331372199
4.623900998650059
4.673136306835174
4.677659940514209
4.717813460214023
4.776781107709447
4.803957109705404
4.814243597780591
4.850946412878562
4.855616064305866
4.890369121771488
4.929294707966034
5.000722720657652
5.016639685776538
5.0358100743818675
5.041178288811707
5.060214062232911
5.090637226039998
5.099346943566593
5.112626081609517
5.143640904975577
5.1883028730462275
5.2030077670841255
5.244159667665033
5.287930966971143
5.297241398049828
5.3361487691430876
5.461761801990796
5.526426653478249
5.569777595678692
5.6408128830144735
5.7265905960690935
5.732008214209776
5.9690680204873745
5.977617466707457
6.409191109419796
6.4947315157618695
6.8067856303451215
6.819265682516032
6.834543916134576
6.990684978178495
6.993514496127325
7.04364231256917
7.169613976565434
7.273835519988845
7.305395068771301
7.3854150987244385
7.576880237638903
7.62719360623105
7.742459433231183
7.763104697998699
7.840399219174967
7.894177203073766
7.933865112667325
8.12699908579967
8.223552432364047
8.545237565817507
8.546287310804184
8.567816168538865
8.580426385564706
9.060125375977545
9.07397879552249
9.131563992035879
9.227136127118145
9.261876780447754
9.276312565495848
9.317496490705256
9.412241274470066
9.626618734480173
9.657184112925314
9.69901257279663
9.712955592896156
9.758001549075335
9.793928816260477
9.963839758576142
9.978302971725684
10.041490113243023
10.121215518780499
10.158642400495387
10.169866599580864
10.271328591681693
10.301732402242772
10.388576023123111
10.604119686047586
10.638510522388232
10.953040559852488
10.973944675826784
11.013089381071183
11.070378726696749
11.106237647177986
11.25780539045955
11.300008928252653
11.373369693674839
11.448963955985025
11.50796778793828
11.562195221886325
11.634862953924015
11.77508910937976
11.796990636564043
11.820840409432236
12.104819654205016
12.49121696592765
12.616615031126647
12.687179617999345
12.72108447944817
12.953006258565612
13.161496634707156
13.171576310978333
13.173254436742775
13.22086110063719
13.223770398233697
13.243676184818826
13.39250665195859
13.395316397284645
13.439642771730766
13.460655246606871
13.49532435971266
13.566918490779274
13.580398250538469
13.652034565105835
13.759950036294416
13.80149576831289
13.901394171324295
13.946723554679695
14.246497092803741
14.267950384480168
14.309622112508407
14.361269511635031
14.467091462382198
14.692281080720717
14.74092401843042
14.746490974237025
14.821465751634289
14.825149368457472
14.83550033810734
14.873517365035092
14.909149397742867
14.942120947966101
14.966767752630126
14.994791204951987
15.02809570112852
15.061119082643316
15.082238412514414
15.12129693838688
15.13918819562089
15.146940443695225
15.148851486037636
15.148946491041666
15.15987972751324
15.162693644785891
15.166729565874556
15.202613258766702
15.204677551271335
15.216297358691175
15.218107445021138
15.232230370251928
15.232197489979361
15.210646273338163
15.154771787145679
15.14707156645874
15.144166757076206
15.13982150978468
15.136394747918827
15.120230288066852
15.073152836115561
15.068837330213485
15.056919806157593
14.979858360265967
14.937677650370102
14.906656527693611
14.902420079049179
14.798621580413089
14.798200354078134
14.771271981904393
14.714431911557316
14.515627675739522
14.369209969171706
14.366306715019473
14.307618808007685
14.29711802748467
14.296215486011445
14.295312554203367
14.238881058348772
14.065203324093103
13.999747138472031
13.992606240916711
13.918832575113402
13.81238188200802
13.77722086223158
13.775398742166873
13.709917830206026
13.708804059047992
13.691311355827128
13.67036232029845
13.659844511298372
13.62887732763717
13.608350744039821
13.548075683259027
13.321604671376576
13.315099727765142
13.290222290548655
13.267276736452153
13.24505417370189
13.166120793569332
13.135490615573856
13.066502067842178
12.868846077405001
12.863135156361198
12.727805139208067
12.583152223948519
12.568999631707612
12.552076407071814
12.501564552261016
12.48127725370853
12.46741829600603
12.358591095345183
12.230532802876253
12.123884128430879
11.983834153831104
11.570679947409378
11.469335257660804
11.247894616847805
11.201319154410873
11.113510223602965
10.93301709105808
