0.016637320398658423
0.018272708586741883
0.05748383702612823
0.07337323778771317
0.07923926318957726
0.10666823136584826
0.10719530710653942
0.1100826906054173
0.11342709463078943
0.13015920994058358
0.1338158779139551
0.1428017712563007
0.14907081364441588
0.15107827028135604
0.16593037923505966
0.16979836489705902
0.17310419713415265
0.20194260235050437
0.2105045374468735
0.22363401367032898
0.22730753679359117
0.23147802659329683
0.23900270149020247
0.24678805316429353
0.250044103011439
0.25534808773907
0.27180802859553693
0.27251300566071374
0.27781820594216017
0.27860691713712493
0.29040839951392505
0.2915299831510193
0.30230783754500434
0.3055264670930574
0.3310346078797692
0.3334908944883125
0.33387278195851633
0.34288316208726377
0.34714879139702737
0.3524389228453366
0.3537890299840123
0.3550541940892686
0.35584051836535857
0.38390825595929695
0.3845871676976239
0.3974021903282445
0.39850508167478965
0.40454764429580997
0.4118387723004412
0.43563230347013915
0.44691439747062833
0.4582878597267543
0.46619146272339923
0.46799059530608345
0.49314978515942676
0.4934450500868476
0.5082929712825828
0.5083424016029675
0.5181398150790177
0.5288452199001349
0.533457736238525
0.5377734427405465
0.552205778283527
0.5643399054910846
0.5690375336781249
0.5713102752947673
0.57175478519778
0.5800910731562978
0.5867828379599218
0.5904167425239687
0.6078142518297462
0.6311860584911722
0.6393018895675447
0.660042220272862
0.6690527031487551
0.6850340507192675
0.68869896028798
0.6947237465465393
0.6961106546346163
0.7178922154872394
0.7233665399645489
0.7267903347176273
0.7386635469262196
0.7435777224535498
0.744654761224278
0.7475029718602239
0.7475029718602239
0.7705097351674354
0.7894238650070508
0.7897653476667884
0.7957598270986007
0.8150593822161305
0.8250316245162161
0.8276113703057746
0.832561933574763
0.8357703331587361
0.8425528527583854
0.8473575816915672
0.8521330510905055
0.8666254453832009
0.8696803247654303
0.8822760183758913
0.8856941415172079
0.8885458967234517
0.8969636160090971
0.9027264845931371
0.9160642996737666
0.9172487646827392
0.9415142983028019
0.9461651664878179
0.946354205655748
0.9647111222317966
0.9662104666192033
0.9665764789795667
0.968250433754519
0.9691120434388083
0.9803293142828832
0.9860665610495315
0.9914007403259271
0.9966239730066032
1.0038453135557497
1.0075615118817982
1.0157618027768884
1.02985086555277
1.0623585023679212
1.072765268556723
1.0823532237719173
1.0836301922457174
1.0868469313245153
1.0995956823866806
1.09973060397039
1.1041474996629073
1.1187056949504421
1.1279940589830963
1.131840854527369
1.1422590298740374
1.1434868338932684
1.1584689028803212
1.1710761922326793
1.1729818343812801
1.1921078997751737
1.2059823594355812
1.268520911005617
1.2692344847133863
1.2737411153105984
1.2871663522713483
1.3071938837800865
1.3438373305184772
1.34822995921164
1.3562776645114434
1.3852326148728775
1.3857207371919291
1.4048734299383632
1.4086338859235266
1.4753228095271156
1.5199941293983992
1.5232475183130556
1.6182411307850202
1.6553481038127715
1.7102226876211795
1.7202653248375392
1.728076501810489
1.7334647518984712
1.7554919971835332
1.7842668877875536
1.8037623934077274
1.8459446438844722
1.861410111091143
1.9035436864987838
1.9077327696749453
1.9093048852901586
1.9148998918489708
1.9276934140282413
1.945282909526337
1.9843915068983877
2.0309242831860286
2.032176522078763
2.0967907641573773
2.120013797346459
2.131001411326322
2.1538821280227176
2.206094078761378
2.240756047261731
2.2527630745970626
2.256523198297117
2.257597217076821
2.271725219382185
2.279761083002186
2.360756095922131
2.3758466821188513
2.408806857983929
2.4243953690268234
2.4285399364576836
2.5056885613159787
2.520248989471726
2.5705659609869485
2.6948140237888696
2.7088429701227486
2.7454292699524596
2.757210220117332
2.7632760626689192
2.7911928103739876
2.8094890909656356
2.8130855869313987
2.8134998224876933
2.826400972860274
2.88437246075385
2.8883589073058618
2.9041376178289586
2.923732495706566
2.926197989603908
2.933797079746062
2.9565535240454905
2.9624713356418324
2.9946012545680984
3.0326859320660864
3.0720163773751876
3.072321345271609
3.0844082254389664
3.0913592152093448
3.096083737169604
3.1155049045560035
3.1247663156942407
3.1333401756773585
3.138227415725358
3.168445870308809
3.181441287124699
3.2504442431009286
3.2571156262836447
3.2767613180496373
3.282458552483098
3.3022606112215147
3.306566008657331
3.3591533714024506
3.38584634872507
3.387192626859026
3.392705936776886
3.4046454387649603
3.417029449462261
3.4176316095478243
3.4242551294646844
3.4286715313058673
3.463117715546647
3.475908970020255
3.490902638013028
3.5013402200545287
3.5634974108815807
3.5686525032002794
3.588334694227341
3.58989232046192
3.6058969946207364
3.6083866846027077
3.62314271894821
3.63013573163614
3.633456151255663
3.634926604138434
3.637951236414462
3.6426211926362426
3.6600766763879196
3.661186823656024
3.7060047712499844
3.7089764070182283
3.7135301073374354
3.7218516399719506
3.7465389014203825
3.751734135569535
3.8156906392323107
3.817994265745283
3.8211879555131607
3.82554230916605
3.836597771657455
3.844025055585538
3.8580380709552116
3.8988513916715255
3.9203146399734377
3.9247742341635146
3.954879309317811
3.9796999167242686
3.9943827349060768
4.005138146440065
4.006478868661342
4.0066575656340175
4.027622953780148
4.030180936325288
4.043949210567251
4.051688731383603
4.053507450427196
4.109859097702063
4.114603897352765
4.127978815643345
4.144417576045567
4.153887019383806
4.190449333178126
4.19529712295546
4.225192174745712
4.230578701930694
4.236178006412895
4.245102552910433
4.2454595237489965
4.258835046560826
4.259231448980854
4.2599086463083
4.261474434813409
4.263640622463976
4.265198101961975
4.268482356177162
4.270324500677281
4.270841420005426
4.27162011276516
4.278229956021554
4.28153717498194
4.281741243220417
4.275295067377256
4.273602602379022
4.268519897647839
4.268489672312396
4.268277109144748
4.252979453016714
4.247628741193312
4.223846653595207
4.2068878106388565
4.205352187284012
4.2046893262266
4.15239010112268
4.128449878248936
4.093820766050042
4.092238317564981
4.057671794309738
4.0480856688349185
4.002389810483459
3.9318041295622557
3.8914077637066082
3.8754133069593735
3.8619928204768197
3.858157728167728
3.814269198115856
3.74552620648849
3.691920538994365
3.6584378002899167
3.589713221598259
3.587580002376345
3.580691816150631
3.565136163446443
3.561866334908203
3.545059602440079
3.5431054605109393
3.4701522987221285
3.3383289147604636
3.2685919114430626
3.229526644515165
3.204355823759707
3.2012999762153243
3.183794301525966
3.152120445194671
3.1516810238548283
3.1417049196355724
3.0990491697729756
3.0982043147337115
3.0920871855223617
3.040867965548098
3.040867965548098
3.019536986328986
3.0154068416696242
2.9978325942772592
2.994003420198153
2.978926575652747
2.9757512312582657
2.9728150919968686
2.9707098914537022
2.9694260649623994
2.967515733544669
2.9674290140561888
2.967307819420195
2.965015364044429
2.9653048548618193
2.965897837747156
2.9661524061522013
2.967061837678936
2.9716936171871775
2.9724320801842348
2.973250582237989
2.979427119794741
2.984398212478213
2.9855728742386773
2.9918414191313283
2.9938142052243077
2.999559157770253
3.0052666347261368
3.008353653248486
3.023055361921358
3.0237870271026357
3.0342467561524025
3.0391241455591014
3.0449557845823367
3.0464994798417044
3.060815643358368
3.0705307341053922
3.084700093759851
3.0971738800994273
3.1140040514852347
3.158751574600977
3.2035873119238545
3.2172628220830166
3.2253606428143553
3.242376308811602
3.2490356130557276
3.2672869812823326
3.2907271366987616
3.2950658688950454
3.3032366663856747
3.3041764476703235
3.308163150956801
3.339482363195634
3.349568355331577
3.35404318537321
3.3633520257282488
3.3705779371174223
3.3746293706546338
3.379155145861349
3.381654456783376
3.3852767191649304
3.3937751864864785
3.3973157821116455
3.4193997450621234
3.4246321160708253
3.4283175193051214
3.4374661576593986
3.4589878857202994
3.475039757534399
3.4842438902954957
3.494122288227341
3.5146320947437233
3.531377009153091
3.5349996831551653
3.5416298665534174
3.5709638369937045
3.5715994746119013
3.574597181686718
3.5772128376517243
3.5778910528618013
3.585180925185799
3.585801267872118
3.5875579785714966
3.5899057662335188
3.590022706621308
3.5926217998460888
3.59393893118844
3.594852112517608
3.595416191077815
3.595967171066456
3.5963519734937743
3.5968398505628403
3.598151430703774
3.5981976428094424
3.6005339841871513
3.6019785828693784
3.6035607212454566
3.6045955192691483
3.6052072180516643
3.6062665274632133
3.6072095188869273
3.6187735099710907
3.619596605060199
3.6274545023565645
3.6287519870773415
3.63048633986726
3.633229124854491
3.635644916318911
3.6557301243474307
3.6583428175816493
3.661774628696846
3.669150892340737
3.669551585900948
3.6807755506795825
3.693221352110529
3.7037860257061404
3.7384940748333446
3.7736684955821134
3.804622009279621
3.8109312330129628
3.8924742204953713
3.963788301089142
3.9699820174416667
3.9795727312302764
4.0037736402028035
4.0168801225300514
4.037896845394765
4.1308229688830576
4.140609681770137
4.226836039835604
4.2709202393869194
4.274402449421438
4.31390476206209
4.31441953062702
4.487490841289962
4.742894668036851
4.758079808661369
4.868642835757802
4.905430634861067
4.927857235834572
5.015146101317484
5.020200556246983
5.101258982595531
5.391984701143345
5.471534463216948
5.6459789330068455
5.655590615095602
5.83710166296454
6.0752294009403265
6.420781331221935
6.501364491788326
6.757676540058026
6.7645960805823915
6.769686651491103
6.803686854686986
7.042526346531489
7.054465055564871
7.074892498416547
7.19504282211014
7.322491012420513
7.3300190621580095
7.339812544834476
7.401501452687453
7.454380086706476
7.461548306858085
7.605274599207602
7.696268126649062
7.717444917057716
7.735866802723546
7.750478426620553
7.751684342593644
7.785107739716393
7.796752777326369
7.819314085868176
7.855232901715693
7.887267996152676
7.914363876787408
7.937939576149811
7.999348147132619
8.011243175095176
8.021557125260252
8.046068384163164
8.050533361188185
8.058964002820405
8.131904505469603
8.140093445410477
8.149773729886384
8.156380438423689
8.163321183966548
8.171119263376577
8.185005391640683
8.237214697807644
8.246024038960991
8.26854723823998
8.295391518598386
8.29591053444213
8.313668151065983
8.324854094556592
8.331263231870158
8.348700476310158
8.354262947944822
8.357823375557498
8.362570021988391
8.364214757275446
8.38335969896748
8.384025584110736
8.394434287222161
8.40501537833624
8.409025067722554
8.42120261252469
8.426576068247705
8.428072546862785
8.43647931912407
8.44896692191993
8.454028621404623
8.464222428209466
8.491814651997574
8.49537015504732
8.496263693352148
8.512204342686687
8.51437336802735
8.52133617131498
8.528403146722269
8.539403303623065
8.543426088734796
8.544994403989026
8.547065169184883
8.570552491511165
8.586430367417373
8.595738963149044
8.610778268777043
8.613640199616661
8.64315564804181
8.689622879493253
8.802996401610413
8.813262823439045
8.838963090187061
8.852018111601192
8.86440619698454
8.867284616564877
8.899597938852969
8.9143625943956
8.919460181912044
8.932477142593676
8.963131820392128
8.981296199138926
9.0067842041429
9.017748041684863
9.046471064700794
9.05026831964907
9.05425681981638
9.054499090819988
9.05786720697103
9.076662610894912
9.078840073555561
9.088514354708638
9.12546325715704
9.137307912393549
9.143152371137683
9.14459525887927
9.147348580501244
9.148166636084172
9.148707151660668
9.148828880662968
9.143898685529125
9.14198449082986
9.117503136327267
9.094071870110277
9.092747386438122
9.080714413190899
9.06854333773924
9.064869755091312
9.04379080787452
8.93716721349087
8.894683202304366
8.856393708116144
8.822553033060203
8.79588208044902
8.780359790737611
8.716162685018952
8.672938196168658
8.667587256848625
8.538498694434221
8.397007317804976
8.361046696180521
8.293373288961524
8.118882492962046
8.089901819188055
8.033343770668077
7.776719178393928
7.7592051251592595
7.606150680376123
7.473973866413455
7.426407034910804
7.347261777640099
7.224461284924885
7.090531985060355
6.938312375253881
6.832867077191922
6.799493382691761
6.693113323243852
6.571798856047481
6.544819669000322
6.534245692989477
6.391838504608202
6.374426025069761
6.317675183429515
6.245577630964879
6.2122905051712305
6.174359187214503
6.1353928787617455
6.127570258351339
6.086721955092934
6.080245110322771
6.026770142184486
6.015877013280854
5.968521935439897
5.937610180997154
5.889947306697121
5.784039006478708
5.767950744098978
5.749053456220649
5.729422973154817
5.717171512414357
5.704050505850011
5.7000779844312275
5.679009443513889
5.67611468525903
5.667446293387125
5.656524179446324
5.6552093790837334
5.650349675214524
5.650268096606021
5.650001048610164
5.647899733649746
5.648941977894232
5.649173371518478
5.65096507156036
5.657218848990903
5.660531970654119
5.672980728115119
5.686306141995431
5.689503334250631
5.720644362427619
5.722670438402406
5.733203814634391
5.738100323236444
5.73964651069687
5.75806914561744
5.764949913329823
5.776547675302877
5.780153594520231
5.804886414894448
5.823102914936799
5.8591323475449615
5.885899521349764
5.915394792162771
5.932294702263249
5.933181003608686
5.9387252015667285
5.98745400670482
6.032672973309537
6.034536026607728
6.042188721836247
6.056420419186161
6.080008437114595
6.087840932425196
6.088157288420437
6.106338201912973
6.115808891563088
6.151790560808771
6.153540644000835
6.173111835689214
6.177502010640094
6.179821951697449
6.216780902395589
6.227656141411903
6.22970877633795
6.262459562441148
6.299526887961619
6.305126313213835
6.327511633377569
6.3298093483423985
6.336646533005349
6.349227543741913
6.350081103589902
6.35141488573485
6.353716859865182
6.354364372144045
6.361443739178353
6.370078170177963
6.372149601377831
6.3723437369048135
6.372867380271384
6.37397471364562
6.374146310408506
6.374165398251652
6.372790993219654
6.371337874848327
6.3703042868168644
6.3680291782734795
6.364021256168671
6.363598096212889
6.3563993878375555
6.351941188281834
6.347585020417245
6.346197163820784
6.339393817238746
6.332360664290423
6.320254058920436
6.317043017167121
6.316468592429291
6.307217944191693
6.306510483118389
6.300391914659586
6.297874891300679
6.297423411707839
6.294228479146077
6.2939713762974545
6.291964993313368
6.2899392306144035
6.289384267725835
6.289237655638604
6.289002005802405
6.289004486036275
6.2892556977977145
6.290029367732009
6.29282535606433
6.293694358333492
6.294861155434802
6.295211504362096
6.296537421242371
6.2989283532752305
6.299674679561752
6.300865720939354
6.3038985157405705
6.308886595531276
6.310690052242473
6.316163432319374
6.3226776793803685
6.324155705679403
6.33068410231957
6.355655553046752
6.370840079755872
6.381908800883787
6.4015903655648305
6.427912589627127
6.429668876301704
6.5173872451632535
6.52094589858055
6.7356000155282345
6.786118702780461
6.991759789684911
7.000661270454381
7.011627649067583
7.127993979372139
7.1301737332383
7.169201322837195
7.270652146983015
7.358129580239497
7.385233309765648
7.45520319674333
7.62960682569836
7.677000150554383
7.7879000236261025
7.808094727120836
7.884564383636281
7.938549382311626
7.97878799467169
8.17915400690669
8.281955866019766
8.6352886609079
8.63646568874772
8.66063547996156
8.67481926813591
9.226095129868133
9.242270509516462
9.309604947741887
9.42164341417511
9.462436818721697
9.47939567827313
9.527798258063587
9.639216994916962
9.891088920898405
9.926910469640054
9.975874138775715
9.992179091120779
10.044792782678815
10.086680083804318
10.283652704658266
10.300319429678208
10.372920011430258
10.463984672210241
10.506509009274643
10.519232161862814
10.633581170117488
10.66760100883688
10.764098642958166
10.998803174441704
11.035555303358557
11.361512589502698
11.382475341193752
11.421478209783835
11.477956801218497
11.51293570521467
11.657495850465503
11.696770533702184
11.763990772282842
11.83183135071138
11.883753427268202
11.930660255769213
11.992275915791742
12.1070564456282
12.124484296199332
12.143306805765954
12.35468973466696
12.603294323807607
12.674084686083457
12.711778625871945
12.729342056022965
12.84000766834627
12.92560767183997
12.92942031556802
12.930052191908322
12.947637431080297
12.94869084872855
12.955833219303557
13.005683104078757
13.006564981071573
13.0201932829728
13.026468513979067
13.03656529491052
13.056421584903712
13.060012990450124
13.078337133586537
13.10360889692466
13.112626341300679
13.132793109297946
13.141278167698738
13.188804333094913
13.191760105656389
13.197389597697907
13.204203221497577
13.217883137995345
13.249031940096955
13.256944710897468
13.257896213869138
13.271883309894848
13.272636101666803
13.274789925801544
13.283236956022785
13.292050321451685
13.301152035867839
13.30867083572793
13.318110272890845
13.330829147607338
13.345480525417939
13.356208098770216
13.379842981616747
13.392897009229623
13.399131678547512
13.40073053648736
13.400810696385488
13.41049720582538
13.413151835181777
13.417089055397103
13.46194441494136
13.465354390036838
13.487828414866447
13.492022766658723
13.612498664673613
13.612732826355032
13.68992058826164
13.786383259249504
13.796378793139848
13.800024899374117
13.805360810808589
13.809473764270779
13.827854777697935
13.873788969573738
13.877540239662615
13.887560008945085
13.942275043094323
13.966220031839013
13.981596406617314
13.983560721020236
14.02262099328853
14.02274671986872
14.030279463938268
14.04306255516048
14.058448476555032
14.044488818392626
14.044016433206059
14.032919727225018
14.030628375714363
14.030427170924364
14.030225205706111
14.016283439863185
13.957855748730108
13.930112592724091
13.926905483279347
13.891751628761552
13.834758437216395
13.81437156466418
13.813294503213491
13.773269109123893
13.77256639440033
13.761435021778857
13.747871800148317
13.740967529565035
13.720276606883061
13.706266572994714
13.663796573053222
13.48752768201931
13.482097770953526
13.461152748795648
13.441585687538396
13.422411272138051
13.35257215299512
13.324764247866264
13.260743970649598
13.06741743644247
13.061628144709884
12.921395330870633
12.765563703306933
12.750017513186458
12.731361792096289
12.675263086118196
12.652562122308739
12.637000111410346
12.513353360457963
12.364896507371423
12.239180189459104
12.071756279286861
11.5684202140163
11.444113188040227
11.173267248016165
11.116594932347288
11.010170461029677
10.793632166716884
